{
 "cells": [
  {
   "cell_type": "markdown",
   "id": "9cb086ef",
   "metadata": {},
   "source": [
    "# Threshold Tuning\n",
    "\n",
    "This notebook tests multiple fraud probability thresholds.\n",
    "\n",
    "The goal is to find a better fraud decision threshold than the default `0.5`.\n",
    "\n",
    "Threshold tuning helps balance:\n",
    "\n",
    "- Precision\n",
    "- Recall\n",
    "- F1-score\n",
    "- False positives\n",
    "- False negatives"
   ]
  },
  {
   "cell_type": "code",
   "execution_count": 6,
   "id": "1c17c511",
   "metadata": {},
   "outputs": [
    {
     "name": "stdout",
     "output_type": "stream",
     "text": [
      "Current path: C:\\Users\\User\\Documents\\fraud-detection-system\\src\\models\n",
      "Project root: C:\\Users\\User\\Documents\\fraud-detection-system\n",
      "src exists: True\n",
      "data exists: True\n"
     ]
    }
   ],
   "source": [
    "import sys\n",
    "from pathlib import Path\n",
    "\n",
    "import pandas as pd\n",
    "\n",
    "# Robust project root finder\n",
    "current_path = Path.cwd().resolve()\n",
    "\n",
    "PROJECT_ROOT = current_path\n",
    "\n",
    "while PROJECT_ROOT != PROJECT_ROOT.parent:\n",
    "    if (PROJECT_ROOT / \"src\").exists() and (PROJECT_ROOT / \"data\").exists():\n",
    "        break\n",
    "    PROJECT_ROOT = PROJECT_ROOT.parent\n",
    "\n",
    "if not ((PROJECT_ROOT / \"src\").exists() and (PROJECT_ROOT / \"data\").exists()):\n",
    "    raise RuntimeError(\n",
    "        \"Could not find project root. Please open Jupyter from the fraud-detection-system folder.\"\n",
    "    )\n",
    "\n",
    "if str(PROJECT_ROOT) not in sys.path:\n",
    "    sys.path.insert(0, str(PROJECT_ROOT))\n",
    "\n",
    "print(\"Current path:\", current_path)\n",
    "print(\"Project root:\", PROJECT_ROOT)\n",
    "print(\"src exists:\", (PROJECT_ROOT / \"src\").exists())\n",
    "print(\"data exists:\", (PROJECT_ROOT / \"data\").exists())\n",
    "\n",
    "from src.evaluation.threshold_tuning import run_threshold_tuning\n",
    "from src.utils.config import REPORTS_DIR, FIGURES_DIR\n",
    "\n",
    "pd.set_option(\"display.max_columns\", None)\n",
    "pd.set_option(\"display.float_format\", \"{:.6f}\".format)"
   ]
  },
  {
   "cell_type": "code",
   "execution_count": 7,
   "id": "3c39c867",
   "metadata": {},
   "outputs": [
    {
     "name": "stdout",
     "output_type": "stream",
     "text": [
      "Loading processed test data...\n",
      "Loading preprocessor...\n",
      "Loading best model...\n",
      "Loading training summary...\n",
      "Transforming test data...\n",
      "Getting fraud probabilities...\n",
      "Evaluating thresholds...\n",
      "Selecting best threshold...\n",
      "\n",
      "Best threshold:\n",
      "threshold                   0.950000\n",
      "precision                   0.941413\n",
      "recall                      0.997565\n",
      "f1_score                    0.968676\n",
      "true_negatives        1270779.000000\n",
      "false_positives           102.000000\n",
      "false_negatives             4.000000\n",
      "true_positives           1639.000000\n",
      "false_positive_rate         0.000080\n",
      "false_negative_rate         0.002435\n",
      "Name: 18, dtype: float64\n",
      "\n",
      "Creating plots...\n",
      "Saved threshold metrics plot: C:\\Users\\User\\Documents\\fraud-detection-system\\reports\\figures\\threshold_precision_recall_f1.png\n",
      "Saved threshold confusion values plot: C:\\Users\\User\\Documents\\fraud-detection-system\\reports\\figures\\threshold_confusion_values.png\n",
      "\n",
      "Saving outputs...\n",
      "Threshold tuning results saved to: C:\\Users\\User\\Documents\\fraud-detection-system\\reports\\threshold_tuning_results.csv\n",
      "Threshold tuning summary saved to: C:\\Users\\User\\Documents\\fraud-detection-system\\reports\\threshold_tuning_summary.json\n",
      "Model metadata saved to: C:\\Users\\User\\Documents\\fraud-detection-system\\models\\trained\\model_metadata.json\n",
      "\n",
      "Creating threshold report...\n",
      "Threshold tuning report saved to: C:\\Users\\User\\Documents\\fraud-detection-system\\reports\\threshold_tuning_report.md\n",
      "\n",
      "Threshold tuning completed successfully.\n"
     ]
    }
   ],
   "source": [
    "threshold_results, best_threshold_row = run_threshold_tuning()"
   ]
  },
  {
   "cell_type": "code",
   "execution_count": 8,
   "id": "2070fe35",
   "metadata": {},
   "outputs": [
    {
     "data": {
      "text/html": [
       "<div>\n",
       "<style scoped>\n",
       "    .dataframe tbody tr th:only-of-type {\n",
       "        vertical-align: middle;\n",
       "    }\n",
       "\n",
       "    .dataframe tbody tr th {\n",
       "        vertical-align: top;\n",
       "    }\n",
       "\n",
       "    .dataframe thead th {\n",
       "        text-align: right;\n",
       "    }\n",
       "</style>\n",
       "<table border=\"1\" class=\"dataframe\">\n",
       "  <thead>\n",
       "    <tr style=\"text-align: right;\">\n",
       "      <th></th>\n",
       "      <th>threshold</th>\n",
       "      <th>precision</th>\n",
       "      <th>recall</th>\n",
       "      <th>f1_score</th>\n",
       "      <th>true_negatives</th>\n",
       "      <th>false_positives</th>\n",
       "      <th>false_negatives</th>\n",
       "      <th>true_positives</th>\n",
       "      <th>false_positive_rate</th>\n",
       "      <th>false_negative_rate</th>\n",
       "    </tr>\n",
       "  </thead>\n",
       "  <tbody>\n",
       "    <tr>\n",
       "      <th>0</th>\n",
       "      <td>0.050000</td>\n",
       "      <td>0.680913</td>\n",
       "      <td>0.998783</td>\n",
       "      <td>0.809771</td>\n",
       "      <td>1270112</td>\n",
       "      <td>769</td>\n",
       "      <td>2</td>\n",
       "      <td>1641</td>\n",
       "      <td>0.000605</td>\n",
       "      <td>0.001217</td>\n",
       "    </tr>\n",
       "    <tr>\n",
       "      <th>1</th>\n",
       "      <td>0.100000</td>\n",
       "      <td>0.750000</td>\n",
       "      <td>0.998783</td>\n",
       "      <td>0.856695</td>\n",
       "      <td>1270334</td>\n",
       "      <td>547</td>\n",
       "      <td>2</td>\n",
       "      <td>1641</td>\n",
       "      <td>0.000430</td>\n",
       "      <td>0.001217</td>\n",
       "    </tr>\n",
       "    <tr>\n",
       "      <th>2</th>\n",
       "      <td>0.150000</td>\n",
       "      <td>0.772235</td>\n",
       "      <td>0.998783</td>\n",
       "      <td>0.871019</td>\n",
       "      <td>1270397</td>\n",
       "      <td>484</td>\n",
       "      <td>2</td>\n",
       "      <td>1641</td>\n",
       "      <td>0.000381</td>\n",
       "      <td>0.001217</td>\n",
       "    </tr>\n",
       "    <tr>\n",
       "      <th>3</th>\n",
       "      <td>0.200000</td>\n",
       "      <td>0.786296</td>\n",
       "      <td>0.998783</td>\n",
       "      <td>0.879893</td>\n",
       "      <td>1270435</td>\n",
       "      <td>446</td>\n",
       "      <td>2</td>\n",
       "      <td>1641</td>\n",
       "      <td>0.000351</td>\n",
       "      <td>0.001217</td>\n",
       "    </tr>\n",
       "    <tr>\n",
       "      <th>4</th>\n",
       "      <td>0.250000</td>\n",
       "      <td>0.798540</td>\n",
       "      <td>0.998783</td>\n",
       "      <td>0.887507</td>\n",
       "      <td>1270467</td>\n",
       "      <td>414</td>\n",
       "      <td>2</td>\n",
       "      <td>1641</td>\n",
       "      <td>0.000326</td>\n",
       "      <td>0.001217</td>\n",
       "    </tr>\n",
       "    <tr>\n",
       "      <th>5</th>\n",
       "      <td>0.300000</td>\n",
       "      <td>0.805201</td>\n",
       "      <td>0.998783</td>\n",
       "      <td>0.891606</td>\n",
       "      <td>1270484</td>\n",
       "      <td>397</td>\n",
       "      <td>2</td>\n",
       "      <td>1641</td>\n",
       "      <td>0.000312</td>\n",
       "      <td>0.001217</td>\n",
       "    </tr>\n",
       "    <tr>\n",
       "      <th>6</th>\n",
       "      <td>0.350000</td>\n",
       "      <td>0.813585</td>\n",
       "      <td>0.998783</td>\n",
       "      <td>0.896721</td>\n",
       "      <td>1270505</td>\n",
       "      <td>376</td>\n",
       "      <td>2</td>\n",
       "      <td>1641</td>\n",
       "      <td>0.000296</td>\n",
       "      <td>0.001217</td>\n",
       "    </tr>\n",
       "    <tr>\n",
       "      <th>7</th>\n",
       "      <td>0.400000</td>\n",
       "      <td>0.821321</td>\n",
       "      <td>0.998783</td>\n",
       "      <td>0.901401</td>\n",
       "      <td>1270524</td>\n",
       "      <td>357</td>\n",
       "      <td>2</td>\n",
       "      <td>1641</td>\n",
       "      <td>0.000281</td>\n",
       "      <td>0.001217</td>\n",
       "    </tr>\n",
       "    <tr>\n",
       "      <th>8</th>\n",
       "      <td>0.450000</td>\n",
       "      <td>0.827117</td>\n",
       "      <td>0.998783</td>\n",
       "      <td>0.904880</td>\n",
       "      <td>1270538</td>\n",
       "      <td>343</td>\n",
       "      <td>2</td>\n",
       "      <td>1641</td>\n",
       "      <td>0.000270</td>\n",
       "      <td>0.001217</td>\n",
       "    </tr>\n",
       "    <tr>\n",
       "      <th>9</th>\n",
       "      <td>0.500000</td>\n",
       "      <td>0.831728</td>\n",
       "      <td>0.998783</td>\n",
       "      <td>0.907633</td>\n",
       "      <td>1270549</td>\n",
       "      <td>332</td>\n",
       "      <td>2</td>\n",
       "      <td>1641</td>\n",
       "      <td>0.000261</td>\n",
       "      <td>0.001217</td>\n",
       "    </tr>\n",
       "    <tr>\n",
       "      <th>10</th>\n",
       "      <td>0.550000</td>\n",
       "      <td>0.836391</td>\n",
       "      <td>0.998783</td>\n",
       "      <td>0.910402</td>\n",
       "      <td>1270560</td>\n",
       "      <td>321</td>\n",
       "      <td>2</td>\n",
       "      <td>1641</td>\n",
       "      <td>0.000253</td>\n",
       "      <td>0.001217</td>\n",
       "    </tr>\n",
       "    <tr>\n",
       "      <th>11</th>\n",
       "      <td>0.600000</td>\n",
       "      <td>0.843268</td>\n",
       "      <td>0.998783</td>\n",
       "      <td>0.914461</td>\n",
       "      <td>1270576</td>\n",
       "      <td>305</td>\n",
       "      <td>2</td>\n",
       "      <td>1641</td>\n",
       "      <td>0.000240</td>\n",
       "      <td>0.001217</td>\n",
       "    </tr>\n",
       "    <tr>\n",
       "      <th>12</th>\n",
       "      <td>0.650000</td>\n",
       "      <td>0.848062</td>\n",
       "      <td>0.998783</td>\n",
       "      <td>0.917272</td>\n",
       "      <td>1270587</td>\n",
       "      <td>294</td>\n",
       "      <td>2</td>\n",
       "      <td>1641</td>\n",
       "      <td>0.000231</td>\n",
       "      <td>0.001217</td>\n",
       "    </tr>\n",
       "    <tr>\n",
       "      <th>13</th>\n",
       "      <td>0.700000</td>\n",
       "      <td>0.853722</td>\n",
       "      <td>0.998174</td>\n",
       "      <td>0.920314</td>\n",
       "      <td>1270600</td>\n",
       "      <td>281</td>\n",
       "      <td>3</td>\n",
       "      <td>1640</td>\n",
       "      <td>0.000221</td>\n",
       "      <td>0.001826</td>\n",
       "    </tr>\n",
       "    <tr>\n",
       "      <th>14</th>\n",
       "      <td>0.750000</td>\n",
       "      <td>0.861345</td>\n",
       "      <td>0.998174</td>\n",
       "      <td>0.924725</td>\n",
       "      <td>1270617</td>\n",
       "      <td>264</td>\n",
       "      <td>3</td>\n",
       "      <td>1640</td>\n",
       "      <td>0.000208</td>\n",
       "      <td>0.001826</td>\n",
       "    </tr>\n",
       "    <tr>\n",
       "      <th>15</th>\n",
       "      <td>0.800000</td>\n",
       "      <td>0.874667</td>\n",
       "      <td>0.998174</td>\n",
       "      <td>0.932348</td>\n",
       "      <td>1270646</td>\n",
       "      <td>235</td>\n",
       "      <td>3</td>\n",
       "      <td>1640</td>\n",
       "      <td>0.000185</td>\n",
       "      <td>0.001826</td>\n",
       "    </tr>\n",
       "    <tr>\n",
       "      <th>16</th>\n",
       "      <td>0.850000</td>\n",
       "      <td>0.889853</td>\n",
       "      <td>0.998174</td>\n",
       "      <td>0.940906</td>\n",
       "      <td>1270678</td>\n",
       "      <td>203</td>\n",
       "      <td>3</td>\n",
       "      <td>1640</td>\n",
       "      <td>0.000160</td>\n",
       "      <td>0.001826</td>\n",
       "    </tr>\n",
       "    <tr>\n",
       "      <th>17</th>\n",
       "      <td>0.900000</td>\n",
       "      <td>0.907028</td>\n",
       "      <td>0.997565</td>\n",
       "      <td>0.950145</td>\n",
       "      <td>1270713</td>\n",
       "      <td>168</td>\n",
       "      <td>4</td>\n",
       "      <td>1639</td>\n",
       "      <td>0.000132</td>\n",
       "      <td>0.002435</td>\n",
       "    </tr>\n",
       "    <tr>\n",
       "      <th>18</th>\n",
       "      <td>0.950000</td>\n",
       "      <td>0.941413</td>\n",
       "      <td>0.997565</td>\n",
       "      <td>0.968676</td>\n",
       "      <td>1270779</td>\n",
       "      <td>102</td>\n",
       "      <td>4</td>\n",
       "      <td>1639</td>\n",
       "      <td>0.000080</td>\n",
       "      <td>0.002435</td>\n",
       "    </tr>\n",
       "  </tbody>\n",
       "</table>\n",
       "</div>"
      ],
      "text/plain": [
       "    threshold  precision   recall  f1_score  true_negatives  false_positives  \\\n",
       "0    0.050000   0.680913 0.998783  0.809771         1270112              769   \n",
       "1    0.100000   0.750000 0.998783  0.856695         1270334              547   \n",
       "2    0.150000   0.772235 0.998783  0.871019         1270397              484   \n",
       "3    0.200000   0.786296 0.998783  0.879893         1270435              446   \n",
       "4    0.250000   0.798540 0.998783  0.887507         1270467              414   \n",
       "5    0.300000   0.805201 0.998783  0.891606         1270484              397   \n",
       "6    0.350000   0.813585 0.998783  0.896721         1270505              376   \n",
       "7    0.400000   0.821321 0.998783  0.901401         1270524              357   \n",
       "8    0.450000   0.827117 0.998783  0.904880         1270538              343   \n",
       "9    0.500000   0.831728 0.998783  0.907633         1270549              332   \n",
       "10   0.550000   0.836391 0.998783  0.910402         1270560              321   \n",
       "11   0.600000   0.843268 0.998783  0.914461         1270576              305   \n",
       "12   0.650000   0.848062 0.998783  0.917272         1270587              294   \n",
       "13   0.700000   0.853722 0.998174  0.920314         1270600              281   \n",
       "14   0.750000   0.861345 0.998174  0.924725         1270617              264   \n",
       "15   0.800000   0.874667 0.998174  0.932348         1270646              235   \n",
       "16   0.850000   0.889853 0.998174  0.940906         1270678              203   \n",
       "17   0.900000   0.907028 0.997565  0.950145         1270713              168   \n",
       "18   0.950000   0.941413 0.997565  0.968676         1270779              102   \n",
       "\n",
       "    false_negatives  true_positives  false_positive_rate  false_negative_rate  \n",
       "0                 2            1641             0.000605             0.001217  \n",
       "1                 2            1641             0.000430             0.001217  \n",
       "2                 2            1641             0.000381             0.001217  \n",
       "3                 2            1641             0.000351             0.001217  \n",
       "4                 2            1641             0.000326             0.001217  \n",
       "5                 2            1641             0.000312             0.001217  \n",
       "6                 2            1641             0.000296             0.001217  \n",
       "7                 2            1641             0.000281             0.001217  \n",
       "8                 2            1641             0.000270             0.001217  \n",
       "9                 2            1641             0.000261             0.001217  \n",
       "10                2            1641             0.000253             0.001217  \n",
       "11                2            1641             0.000240             0.001217  \n",
       "12                2            1641             0.000231             0.001217  \n",
       "13                3            1640             0.000221             0.001826  \n",
       "14                3            1640             0.000208             0.001826  \n",
       "15                3            1640             0.000185             0.001826  \n",
       "16                3            1640             0.000160             0.001826  \n",
       "17                4            1639             0.000132             0.002435  \n",
       "18                4            1639             0.000080             0.002435  "
      ]
     },
     "execution_count": 8,
     "metadata": {},
     "output_type": "execute_result"
    }
   ],
   "source": [
    "threshold_results"
   ]
  },
  {
   "cell_type": "code",
   "execution_count": 9,
   "id": "c6639805",
   "metadata": {},
   "outputs": [
    {
     "data": {
      "text/html": [
       "<div>\n",
       "<style scoped>\n",
       "    .dataframe tbody tr th:only-of-type {\n",
       "        vertical-align: middle;\n",
       "    }\n",
       "\n",
       "    .dataframe tbody tr th {\n",
       "        vertical-align: top;\n",
       "    }\n",
       "\n",
       "    .dataframe thead th {\n",
       "        text-align: right;\n",
       "    }\n",
       "</style>\n",
       "<table border=\"1\" class=\"dataframe\">\n",
       "  <thead>\n",
       "    <tr style=\"text-align: right;\">\n",
       "      <th></th>\n",
       "      <th>threshold</th>\n",
       "      <th>precision</th>\n",
       "      <th>recall</th>\n",
       "      <th>f1_score</th>\n",
       "      <th>true_negatives</th>\n",
       "      <th>false_positives</th>\n",
       "      <th>false_negatives</th>\n",
       "      <th>true_positives</th>\n",
       "      <th>false_positive_rate</th>\n",
       "      <th>false_negative_rate</th>\n",
       "    </tr>\n",
       "  </thead>\n",
       "  <tbody>\n",
       "    <tr>\n",
       "      <th>18</th>\n",
       "      <td>0.950000</td>\n",
       "      <td>0.941413</td>\n",
       "      <td>0.997565</td>\n",
       "      <td>0.968676</td>\n",
       "      <td>1270779</td>\n",
       "      <td>102</td>\n",
       "      <td>4</td>\n",
       "      <td>1639</td>\n",
       "      <td>0.000080</td>\n",
       "      <td>0.002435</td>\n",
       "    </tr>\n",
       "    <tr>\n",
       "      <th>17</th>\n",
       "      <td>0.900000</td>\n",
       "      <td>0.907028</td>\n",
       "      <td>0.997565</td>\n",
       "      <td>0.950145</td>\n",
       "      <td>1270713</td>\n",
       "      <td>168</td>\n",
       "      <td>4</td>\n",
       "      <td>1639</td>\n",
       "      <td>0.000132</td>\n",
       "      <td>0.002435</td>\n",
       "    </tr>\n",
       "    <tr>\n",
       "      <th>16</th>\n",
       "      <td>0.850000</td>\n",
       "      <td>0.889853</td>\n",
       "      <td>0.998174</td>\n",
       "      <td>0.940906</td>\n",
       "      <td>1270678</td>\n",
       "      <td>203</td>\n",
       "      <td>3</td>\n",
       "      <td>1640</td>\n",
       "      <td>0.000160</td>\n",
       "      <td>0.001826</td>\n",
       "    </tr>\n",
       "    <tr>\n",
       "      <th>15</th>\n",
       "      <td>0.800000</td>\n",
       "      <td>0.874667</td>\n",
       "      <td>0.998174</td>\n",
       "      <td>0.932348</td>\n",
       "      <td>1270646</td>\n",
       "      <td>235</td>\n",
       "      <td>3</td>\n",
       "      <td>1640</td>\n",
       "      <td>0.000185</td>\n",
       "      <td>0.001826</td>\n",
       "    </tr>\n",
       "    <tr>\n",
       "      <th>14</th>\n",
       "      <td>0.750000</td>\n",
       "      <td>0.861345</td>\n",
       "      <td>0.998174</td>\n",
       "      <td>0.924725</td>\n",
       "      <td>1270617</td>\n",
       "      <td>264</td>\n",
       "      <td>3</td>\n",
       "      <td>1640</td>\n",
       "      <td>0.000208</td>\n",
       "      <td>0.001826</td>\n",
       "    </tr>\n",
       "    <tr>\n",
       "      <th>13</th>\n",
       "      <td>0.700000</td>\n",
       "      <td>0.853722</td>\n",
       "      <td>0.998174</td>\n",
       "      <td>0.920314</td>\n",
       "      <td>1270600</td>\n",
       "      <td>281</td>\n",
       "      <td>3</td>\n",
       "      <td>1640</td>\n",
       "      <td>0.000221</td>\n",
       "      <td>0.001826</td>\n",
       "    </tr>\n",
       "    <tr>\n",
       "      <th>12</th>\n",
       "      <td>0.650000</td>\n",
       "      <td>0.848062</td>\n",
       "      <td>0.998783</td>\n",
       "      <td>0.917272</td>\n",
       "      <td>1270587</td>\n",
       "      <td>294</td>\n",
       "      <td>2</td>\n",
       "      <td>1641</td>\n",
       "      <td>0.000231</td>\n",
       "      <td>0.001217</td>\n",
       "    </tr>\n",
       "    <tr>\n",
       "      <th>11</th>\n",
       "      <td>0.600000</td>\n",
       "      <td>0.843268</td>\n",
       "      <td>0.998783</td>\n",
       "      <td>0.914461</td>\n",
       "      <td>1270576</td>\n",
       "      <td>305</td>\n",
       "      <td>2</td>\n",
       "      <td>1641</td>\n",
       "      <td>0.000240</td>\n",
       "      <td>0.001217</td>\n",
       "    </tr>\n",
       "    <tr>\n",
       "      <th>10</th>\n",
       "      <td>0.550000</td>\n",
       "      <td>0.836391</td>\n",
       "      <td>0.998783</td>\n",
       "      <td>0.910402</td>\n",
       "      <td>1270560</td>\n",
       "      <td>321</td>\n",
       "      <td>2</td>\n",
       "      <td>1641</td>\n",
       "      <td>0.000253</td>\n",
       "      <td>0.001217</td>\n",
       "    </tr>\n",
       "    <tr>\n",
       "      <th>9</th>\n",
       "      <td>0.500000</td>\n",
       "      <td>0.831728</td>\n",
       "      <td>0.998783</td>\n",
       "      <td>0.907633</td>\n",
       "      <td>1270549</td>\n",
       "      <td>332</td>\n",
       "      <td>2</td>\n",
       "      <td>1641</td>\n",
       "      <td>0.000261</td>\n",
       "      <td>0.001217</td>\n",
       "    </tr>\n",
       "    <tr>\n",
       "      <th>8</th>\n",
       "      <td>0.450000</td>\n",
       "      <td>0.827117</td>\n",
       "      <td>0.998783</td>\n",
       "      <td>0.904880</td>\n",
       "      <td>1270538</td>\n",
       "      <td>343</td>\n",
       "      <td>2</td>\n",
       "      <td>1641</td>\n",
       "      <td>0.000270</td>\n",
       "      <td>0.001217</td>\n",
       "    </tr>\n",
       "    <tr>\n",
       "      <th>7</th>\n",
       "      <td>0.400000</td>\n",
       "      <td>0.821321</td>\n",
       "      <td>0.998783</td>\n",
       "      <td>0.901401</td>\n",
       "      <td>1270524</td>\n",
       "      <td>357</td>\n",
       "      <td>2</td>\n",
       "      <td>1641</td>\n",
       "      <td>0.000281</td>\n",
       "      <td>0.001217</td>\n",
       "    </tr>\n",
       "    <tr>\n",
       "      <th>6</th>\n",
       "      <td>0.350000</td>\n",
       "      <td>0.813585</td>\n",
       "      <td>0.998783</td>\n",
       "      <td>0.896721</td>\n",
       "      <td>1270505</td>\n",
       "      <td>376</td>\n",
       "      <td>2</td>\n",
       "      <td>1641</td>\n",
       "      <td>0.000296</td>\n",
       "      <td>0.001217</td>\n",
       "    </tr>\n",
       "    <tr>\n",
       "      <th>5</th>\n",
       "      <td>0.300000</td>\n",
       "      <td>0.805201</td>\n",
       "      <td>0.998783</td>\n",
       "      <td>0.891606</td>\n",
       "      <td>1270484</td>\n",
       "      <td>397</td>\n",
       "      <td>2</td>\n",
       "      <td>1641</td>\n",
       "      <td>0.000312</td>\n",
       "      <td>0.001217</td>\n",
       "    </tr>\n",
       "    <tr>\n",
       "      <th>4</th>\n",
       "      <td>0.250000</td>\n",
       "      <td>0.798540</td>\n",
       "      <td>0.998783</td>\n",
       "      <td>0.887507</td>\n",
       "      <td>1270467</td>\n",
       "      <td>414</td>\n",
       "      <td>2</td>\n",
       "      <td>1641</td>\n",
       "      <td>0.000326</td>\n",
       "      <td>0.001217</td>\n",
       "    </tr>\n",
       "    <tr>\n",
       "      <th>3</th>\n",
       "      <td>0.200000</td>\n",
       "      <td>0.786296</td>\n",
       "      <td>0.998783</td>\n",
       "      <td>0.879893</td>\n",
       "      <td>1270435</td>\n",
       "      <td>446</td>\n",
       "      <td>2</td>\n",
       "      <td>1641</td>\n",
       "      <td>0.000351</td>\n",
       "      <td>0.001217</td>\n",
       "    </tr>\n",
       "    <tr>\n",
       "      <th>2</th>\n",
       "      <td>0.150000</td>\n",
       "      <td>0.772235</td>\n",
       "      <td>0.998783</td>\n",
       "      <td>0.871019</td>\n",
       "      <td>1270397</td>\n",
       "      <td>484</td>\n",
       "      <td>2</td>\n",
       "      <td>1641</td>\n",
       "      <td>0.000381</td>\n",
       "      <td>0.001217</td>\n",
       "    </tr>\n",
       "    <tr>\n",
       "      <th>1</th>\n",
       "      <td>0.100000</td>\n",
       "      <td>0.750000</td>\n",
       "      <td>0.998783</td>\n",
       "      <td>0.856695</td>\n",
       "      <td>1270334</td>\n",
       "      <td>547</td>\n",
       "      <td>2</td>\n",
       "      <td>1641</td>\n",
       "      <td>0.000430</td>\n",
       "      <td>0.001217</td>\n",
       "    </tr>\n",
       "    <tr>\n",
       "      <th>0</th>\n",
       "      <td>0.050000</td>\n",
       "      <td>0.680913</td>\n",
       "      <td>0.998783</td>\n",
       "      <td>0.809771</td>\n",
       "      <td>1270112</td>\n",
       "      <td>769</td>\n",
       "      <td>2</td>\n",
       "      <td>1641</td>\n",
       "      <td>0.000605</td>\n",
       "      <td>0.001217</td>\n",
       "    </tr>\n",
       "  </tbody>\n",
       "</table>\n",
       "</div>"
      ],
      "text/plain": [
       "    threshold  precision   recall  f1_score  true_negatives  false_positives  \\\n",
       "18   0.950000   0.941413 0.997565  0.968676         1270779              102   \n",
       "17   0.900000   0.907028 0.997565  0.950145         1270713              168   \n",
       "16   0.850000   0.889853 0.998174  0.940906         1270678              203   \n",
       "15   0.800000   0.874667 0.998174  0.932348         1270646              235   \n",
       "14   0.750000   0.861345 0.998174  0.924725         1270617              264   \n",
       "13   0.700000   0.853722 0.998174  0.920314         1270600              281   \n",
       "12   0.650000   0.848062 0.998783  0.917272         1270587              294   \n",
       "11   0.600000   0.843268 0.998783  0.914461         1270576              305   \n",
       "10   0.550000   0.836391 0.998783  0.910402         1270560              321   \n",
       "9    0.500000   0.831728 0.998783  0.907633         1270549              332   \n",
       "8    0.450000   0.827117 0.998783  0.904880         1270538              343   \n",
       "7    0.400000   0.821321 0.998783  0.901401         1270524              357   \n",
       "6    0.350000   0.813585 0.998783  0.896721         1270505              376   \n",
       "5    0.300000   0.805201 0.998783  0.891606         1270484              397   \n",
       "4    0.250000   0.798540 0.998783  0.887507         1270467              414   \n",
       "3    0.200000   0.786296 0.998783  0.879893         1270435              446   \n",
       "2    0.150000   0.772235 0.998783  0.871019         1270397              484   \n",
       "1    0.100000   0.750000 0.998783  0.856695         1270334              547   \n",
       "0    0.050000   0.680913 0.998783  0.809771         1270112              769   \n",
       "\n",
       "    false_negatives  true_positives  false_positive_rate  false_negative_rate  \n",
       "18                4            1639             0.000080             0.002435  \n",
       "17                4            1639             0.000132             0.002435  \n",
       "16                3            1640             0.000160             0.001826  \n",
       "15                3            1640             0.000185             0.001826  \n",
       "14                3            1640             0.000208             0.001826  \n",
       "13                3            1640             0.000221             0.001826  \n",
       "12                2            1641             0.000231             0.001217  \n",
       "11                2            1641             0.000240             0.001217  \n",
       "10                2            1641             0.000253             0.001217  \n",
       "9                 2            1641             0.000261             0.001217  \n",
       "8                 2            1641             0.000270             0.001217  \n",
       "7                 2            1641             0.000281             0.001217  \n",
       "6                 2            1641             0.000296             0.001217  \n",
       "5                 2            1641             0.000312             0.001217  \n",
       "4                 2            1641             0.000326             0.001217  \n",
       "3                 2            1641             0.000351             0.001217  \n",
       "2                 2            1641             0.000381             0.001217  \n",
       "1                 2            1641             0.000430             0.001217  \n",
       "0                 2            1641             0.000605             0.001217  "
      ]
     },
     "execution_count": 9,
     "metadata": {},
     "output_type": "execute_result"
    }
   ],
   "source": [
    "threshold_results.sort_values(by=\"f1_score\", ascending=False)"
   ]
  },
  {
   "cell_type": "code",
   "execution_count": 10,
   "id": "02317ae5",
   "metadata": {},
   "outputs": [
    {
     "data": {
      "text/html": [
       "<div>\n",
       "<style scoped>\n",
       "    .dataframe tbody tr th:only-of-type {\n",
       "        vertical-align: middle;\n",
       "    }\n",
       "\n",
       "    .dataframe tbody tr th {\n",
       "        vertical-align: top;\n",
       "    }\n",
       "\n",
       "    .dataframe thead th {\n",
       "        text-align: right;\n",
       "    }\n",
       "</style>\n",
       "<table border=\"1\" class=\"dataframe\">\n",
       "  <thead>\n",
       "    <tr style=\"text-align: right;\">\n",
       "      <th></th>\n",
       "      <th>threshold</th>\n",
       "      <th>precision</th>\n",
       "      <th>recall</th>\n",
       "      <th>f1_score</th>\n",
       "      <th>true_negatives</th>\n",
       "      <th>false_positives</th>\n",
       "      <th>false_negatives</th>\n",
       "      <th>true_positives</th>\n",
       "      <th>false_positive_rate</th>\n",
       "      <th>false_negative_rate</th>\n",
       "    </tr>\n",
       "  </thead>\n",
       "  <tbody>\n",
       "    <tr>\n",
       "      <th>18</th>\n",
       "      <td>0.950000</td>\n",
       "      <td>0.941413</td>\n",
       "      <td>0.997565</td>\n",
       "      <td>0.968676</td>\n",
       "      <td>1270779</td>\n",
       "      <td>102</td>\n",
       "      <td>4</td>\n",
       "      <td>1639</td>\n",
       "      <td>0.000080</td>\n",
       "      <td>0.002435</td>\n",
       "    </tr>\n",
       "    <tr>\n",
       "      <th>17</th>\n",
       "      <td>0.900000</td>\n",
       "      <td>0.907028</td>\n",
       "      <td>0.997565</td>\n",
       "      <td>0.950145</td>\n",
       "      <td>1270713</td>\n",
       "      <td>168</td>\n",
       "      <td>4</td>\n",
       "      <td>1639</td>\n",
       "      <td>0.000132</td>\n",
       "      <td>0.002435</td>\n",
       "    </tr>\n",
       "    <tr>\n",
       "      <th>16</th>\n",
       "      <td>0.850000</td>\n",
       "      <td>0.889853</td>\n",
       "      <td>0.998174</td>\n",
       "      <td>0.940906</td>\n",
       "      <td>1270678</td>\n",
       "      <td>203</td>\n",
       "      <td>3</td>\n",
       "      <td>1640</td>\n",
       "      <td>0.000160</td>\n",
       "      <td>0.001826</td>\n",
       "    </tr>\n",
       "    <tr>\n",
       "      <th>15</th>\n",
       "      <td>0.800000</td>\n",
       "      <td>0.874667</td>\n",
       "      <td>0.998174</td>\n",
       "      <td>0.932348</td>\n",
       "      <td>1270646</td>\n",
       "      <td>235</td>\n",
       "      <td>3</td>\n",
       "      <td>1640</td>\n",
       "      <td>0.000185</td>\n",
       "      <td>0.001826</td>\n",
       "    </tr>\n",
       "    <tr>\n",
       "      <th>14</th>\n",
       "      <td>0.750000</td>\n",
       "      <td>0.861345</td>\n",
       "      <td>0.998174</td>\n",
       "      <td>0.924725</td>\n",
       "      <td>1270617</td>\n",
       "      <td>264</td>\n",
       "      <td>3</td>\n",
       "      <td>1640</td>\n",
       "      <td>0.000208</td>\n",
       "      <td>0.001826</td>\n",
       "    </tr>\n",
       "    <tr>\n",
       "      <th>13</th>\n",
       "      <td>0.700000</td>\n",
       "      <td>0.853722</td>\n",
       "      <td>0.998174</td>\n",
       "      <td>0.920314</td>\n",
       "      <td>1270600</td>\n",
       "      <td>281</td>\n",
       "      <td>3</td>\n",
       "      <td>1640</td>\n",
       "      <td>0.000221</td>\n",
       "      <td>0.001826</td>\n",
       "    </tr>\n",
       "    <tr>\n",
       "      <th>12</th>\n",
       "      <td>0.650000</td>\n",
       "      <td>0.848062</td>\n",
       "      <td>0.998783</td>\n",
       "      <td>0.917272</td>\n",
       "      <td>1270587</td>\n",
       "      <td>294</td>\n",
       "      <td>2</td>\n",
       "      <td>1641</td>\n",
       "      <td>0.000231</td>\n",
       "      <td>0.001217</td>\n",
       "    </tr>\n",
       "    <tr>\n",
       "      <th>11</th>\n",
       "      <td>0.600000</td>\n",
       "      <td>0.843268</td>\n",
       "      <td>0.998783</td>\n",
       "      <td>0.914461</td>\n",
       "      <td>1270576</td>\n",
       "      <td>305</td>\n",
       "      <td>2</td>\n",
       "      <td>1641</td>\n",
       "      <td>0.000240</td>\n",
       "      <td>0.001217</td>\n",
       "    </tr>\n",
       "    <tr>\n",
       "      <th>10</th>\n",
       "      <td>0.550000</td>\n",
       "      <td>0.836391</td>\n",
       "      <td>0.998783</td>\n",
       "      <td>0.910402</td>\n",
       "      <td>1270560</td>\n",
       "      <td>321</td>\n",
       "      <td>2</td>\n",
       "      <td>1641</td>\n",
       "      <td>0.000253</td>\n",
       "      <td>0.001217</td>\n",
       "    </tr>\n",
       "    <tr>\n",
       "      <th>9</th>\n",
       "      <td>0.500000</td>\n",
       "      <td>0.831728</td>\n",
       "      <td>0.998783</td>\n",
       "      <td>0.907633</td>\n",
       "      <td>1270549</td>\n",
       "      <td>332</td>\n",
       "      <td>2</td>\n",
       "      <td>1641</td>\n",
       "      <td>0.000261</td>\n",
       "      <td>0.001217</td>\n",
       "    </tr>\n",
       "    <tr>\n",
       "      <th>8</th>\n",
       "      <td>0.450000</td>\n",
       "      <td>0.827117</td>\n",
       "      <td>0.998783</td>\n",
       "      <td>0.904880</td>\n",
       "      <td>1270538</td>\n",
       "      <td>343</td>\n",
       "      <td>2</td>\n",
       "      <td>1641</td>\n",
       "      <td>0.000270</td>\n",
       "      <td>0.001217</td>\n",
       "    </tr>\n",
       "    <tr>\n",
       "      <th>7</th>\n",
       "      <td>0.400000</td>\n",
       "      <td>0.821321</td>\n",
       "      <td>0.998783</td>\n",
       "      <td>0.901401</td>\n",
       "      <td>1270524</td>\n",
       "      <td>357</td>\n",
       "      <td>2</td>\n",
       "      <td>1641</td>\n",
       "      <td>0.000281</td>\n",
       "      <td>0.001217</td>\n",
       "    </tr>\n",
       "    <tr>\n",
       "      <th>6</th>\n",
       "      <td>0.350000</td>\n",
       "      <td>0.813585</td>\n",
       "      <td>0.998783</td>\n",
       "      <td>0.896721</td>\n",
       "      <td>1270505</td>\n",
       "      <td>376</td>\n",
       "      <td>2</td>\n",
       "      <td>1641</td>\n",
       "      <td>0.000296</td>\n",
       "      <td>0.001217</td>\n",
       "    </tr>\n",
       "    <tr>\n",
       "      <th>5</th>\n",
       "      <td>0.300000</td>\n",
       "      <td>0.805201</td>\n",
       "      <td>0.998783</td>\n",
       "      <td>0.891606</td>\n",
       "      <td>1270484</td>\n",
       "      <td>397</td>\n",
       "      <td>2</td>\n",
       "      <td>1641</td>\n",
       "      <td>0.000312</td>\n",
       "      <td>0.001217</td>\n",
       "    </tr>\n",
       "    <tr>\n",
       "      <th>4</th>\n",
       "      <td>0.250000</td>\n",
       "      <td>0.798540</td>\n",
       "      <td>0.998783</td>\n",
       "      <td>0.887507</td>\n",
       "      <td>1270467</td>\n",
       "      <td>414</td>\n",
       "      <td>2</td>\n",
       "      <td>1641</td>\n",
       "      <td>0.000326</td>\n",
       "      <td>0.001217</td>\n",
       "    </tr>\n",
       "    <tr>\n",
       "      <th>3</th>\n",
       "      <td>0.200000</td>\n",
       "      <td>0.786296</td>\n",
       "      <td>0.998783</td>\n",
       "      <td>0.879893</td>\n",
       "      <td>1270435</td>\n",
       "      <td>446</td>\n",
       "      <td>2</td>\n",
       "      <td>1641</td>\n",
       "      <td>0.000351</td>\n",
       "      <td>0.001217</td>\n",
       "    </tr>\n",
       "    <tr>\n",
       "      <th>2</th>\n",
       "      <td>0.150000</td>\n",
       "      <td>0.772235</td>\n",
       "      <td>0.998783</td>\n",
       "      <td>0.871019</td>\n",
       "      <td>1270397</td>\n",
       "      <td>484</td>\n",
       "      <td>2</td>\n",
       "      <td>1641</td>\n",
       "      <td>0.000381</td>\n",
       "      <td>0.001217</td>\n",
       "    </tr>\n",
       "    <tr>\n",
       "      <th>1</th>\n",
       "      <td>0.100000</td>\n",
       "      <td>0.750000</td>\n",
       "      <td>0.998783</td>\n",
       "      <td>0.856695</td>\n",
       "      <td>1270334</td>\n",
       "      <td>547</td>\n",
       "      <td>2</td>\n",
       "      <td>1641</td>\n",
       "      <td>0.000430</td>\n",
       "      <td>0.001217</td>\n",
       "    </tr>\n",
       "    <tr>\n",
       "      <th>0</th>\n",
       "      <td>0.050000</td>\n",
       "      <td>0.680913</td>\n",
       "      <td>0.998783</td>\n",
       "      <td>0.809771</td>\n",
       "      <td>1270112</td>\n",
       "      <td>769</td>\n",
       "      <td>2</td>\n",
       "      <td>1641</td>\n",
       "      <td>0.000605</td>\n",
       "      <td>0.001217</td>\n",
       "    </tr>\n",
       "  </tbody>\n",
       "</table>\n",
       "</div>"
      ],
      "text/plain": [
       "    threshold  precision   recall  f1_score  true_negatives  false_positives  \\\n",
       "18   0.950000   0.941413 0.997565  0.968676         1270779              102   \n",
       "17   0.900000   0.907028 0.997565  0.950145         1270713              168   \n",
